.Random.seed <-
c(403L, 10L, -1186207841L, 1380560166L, -1909197392L, 1145712211L, 
1761126769L, -558776160L, -1446539202L, -868960439L, 1699388923L, 
-1278983734L, -530518228L, -863776977L, 756432357L, -407797604L, 
775464178L, 2127846765L, 744303271L, -981547826L, 872901160L, 
929479211L, 1016270921L, 433574232L, -1286371322L, -263783967L, 
2037646195L, 750344162L, -1311047852L, -1198640553L, 1486152269L, 
-223017500L, 1130094538L, 459760181L, 494790799L, -2109662826L, 
-578181824L, -2246653L, 126691873L, -1293210352L, 308994798L, 
98336409L, 1723350827L, -1665222118L, 172566748L, 37938399L, 
1312547509L, 1287238732L, -1946449758L, 1578649597L, -1793149705L, 
-255499746L, -568304424L, 1179754555L, 548727257L, 2006749032L, 
-159038826L, 921340945L, 1654382019L, -442408494L, -2140837788L, 
1896892327L, 1595230461L, -1306714892L, 551255002L, -634532059L, 
-2032134593L, -641770042L, 1021049424L, 1593931379L, -155616623L, 
2022228672L, 627893406L, 253937769L, -1747180389L, 1389305258L, 
-1597321780L, 744054927L, -1792106299L, 2097565820L, -1206915886L, 
987268173L, -207448825L, -255264530L, 622320072L, -769737013L, 
1960816425L, -402049160L, 414157990L, -2001019199L, 1555404627L, 
-2114169854L, -2051837644L, 166320823L, -1719925075L, 659556292L, 
1930850282L, -125259691L, 1914605039L, -1742137866L, 880587552L, 
-1487475485L, 693922177L, 830529520L, -1694335346L, 553206265L, 
-1126773877L, 1843496890L, 1712473788L, -609165825L, 231185237L, 
641305708L, 1173579970L, -973980899L, -789007977L, 811559166L, 
526678712L, 590333083L, 1889649401L, 1135182920L, -1376852106L, 
1924375217L, -2141834525L, 364327346L, -1160805884L, 2017524039L, 
1991771165L, -1754776940L, -1188056518L, 164740229L, -85073569L, 
1759883750L, -990420880L, 485073811L, 1072686129L, 2003921632L, 
-1409291394L, -476028407L, -352884165L, 672789514L, 2012040172L, 
935534703L, -493404251L, 1907935068L, 101010226L, 2063708717L, 
-567336729L, 915460622L, -1435701272L, 2077430251L, -373103991L, 
1233410584L, -1482845882L, -1862426719L, 1993855539L, 1660759970L, 
1232186004L, 1137631511L, 1764196109L, -1188530652L, 1953357322L, 
793700213L, -936840497L, 1692288470L, 1246988672L, -43990589L, 
714692449L, -229675568L, -432317138L, 731409625L, -852973845L, 
2061779802L, 1879708956L, 1854301215L, -636835723L, 558560524L, 
1568037090L, 780063165L, 1567118903L, -875737890L, -166569960L, 
-2022275205L, 630687513L, -414835800L, -2060022954L, -985787439L, 
-1180190845L, 1813553682L, -42256988L, -2142408345L, -653631811L, 
42346036L, -1659445862L, -1335776795L, -267020929L, 1956617478L, 
1932347024L, 1255296819L, 1568623825L, 1263113856L, -634994850L, 
1344838825L, -147615909L, 804971882L, -457922548L, 547848271L, 
2095642885L, -189632068L, 615404690L, -1137193075L, -1422354489L, 
-74044242L, -800834296L, 1441274635L, -1534380567L, -1335483720L, 
2112595302L, 1120943617L, -1204647789L, 227775298L, 496758004L, 
-130467593L, 108032237L, -2058062972L, -1010831958L, 215470869L, 
1168470447L, 60912054L, 36636640L, -500580734L, -1910126400L, 
-1946165444L, -1334726512L, 295138850L, 1274641416L, -1247535860L, 
1110023324L, 360559122L, 1933951872L, -1117489644L, 69596712L, 
1653267770L, 642995664L, 777515116L, -1295243980L, 762888850L, 
1546442592L, 1918127948L, -1062137888L, 478055330L, -876303448L, 
-337159796L, 565675196L, 1435480434L, -1976995600L, -177307580L, 
260771160L, 946774586L, 899620720L, 1307077692L, -1737536748L, 
691426754L, 1842992864L, -632097924L, 1653871312L, 1460524194L, 
693692456L, 2037074188L, -316156996L, 278332722L, 107725248L, 
750350900L, -1498101816L, 1746789562L, -715023984L, -1745755668L, 
-1544700332L, -1877218158L, 182729504L, -1385012788L, -1672348192L, 
1871146690L, -5328856L, -1572151636L, -1098174276L, 833132018L, 
2118491440L, -483343196L, -1170611528L, 1464662362L, 1147802000L, 
594775932L, 880486676L, -1325125822L, 312315648L, 1776198588L, 
-1295238320L, -120074462L, -2112559800L, 73975308L, -1635164068L, 
-602572590L, -839895552L, -2010433196L, -542816792L, -234855430L, 
-409637680L, -1372899028L, -745834764L, -293898862L, 1907695712L, 
1370879244L, 1173471968L, 1965270370L, 1554287272L, 1665872460L, 
58371452L, 480731442L, 1692916848L, -2008956092L, -533071400L, 
-371016582L, -952680912L, 40231612L, 613124948L, 506019906L, 
1257232800L, 1498056380L, 350455248L, 291073378L, -1968234520L, 
-1877700660L, -988775684L, -1136173582L, -1688497024L, 1314332916L, 
783606408L, 1959035706L, -1760161968L, 488239724L, 1687959700L, 
-2074660526L, -745617696L, 441093836L, -951005024L, 1102243714L, 
-1340705048L, -1471226132L, -1234182084L, -1502572942L, -1919493008L, 
-566750684L, -570933192L, 1705859098L, 934184656L, -1273967556L, 
-1013107564L, -406873982L, -722088000L, -1028748996L, -708460912L, 
1205864482L, -240527352L, -1608909684L, 1958913052L, -2132508014L, 
-1401184128L, 1466688532L, -66514648L, -2055718342L, -872422192L, 
579009644L, -1101881676L, -423815150L, -580292640L, -1081574452L, 
-714091040L, -746178014L, -800996056L, -1741447924L, 683456060L, 
187517170L, -843110672L, 933359428L, -52091304L, 1714350650L, 
2086113008L, 374675644L, -436073964L, -1788293950L, -797725600L, 
101711228L, 1755187408L, 901921826L, 11376296L, -1171862644L, 
-1469512260L, -285936590L, -644829376L, 1931199668L, -652427448L, 
-63692102L, -1347227888L, 308180204L, -301753260L, 1139171090L, 
631033760L, -1145220148L, 2061765472L, 80389314L, 671907368L, 
-930300500L, 903093052L, -4380814L, -125608144L, -1701583324L, 
1122704440L, -1328727846L, -1597395568L, -862078212L, 556721044L, 
-199717054L, -1366870528L, 302292540L, -722091440L, 2043465378L, 
-1852609720L, -1873817076L, -1754556196L, -1203414446L, -1225697152L, 
-1813617836L, -178815512L, 1893031674L, 995933008L, 1616489516L, 
1875814772L, -896113006L, 1848839776L, -1723963764L, -1513859232L, 
-190631198L, 370843816L, 345709772L, -108740100L, -1155524686L, 
-1820050960L, 1060558276L, 687846232L, 149602170L, 38086064L, 
-1847816772L, -1336644524L, 1784709058L, -1973627104L, 1585517500L, 
434894833L, -1430128285L, 1272164L, -888918894L, -92028569L, 
529929009L, 1505122422L, 1486619028L, -184212059L, 729652911L, 
996263784L, 201780038L, -779531533L, 1163109461L, -1294637006L, 
-1359043072L, -1675573527L, 1247630683L, -706627668L, -489907270L, 
-1778096785L, -190157063L, 1139144590L, 104788572L, -1770352435L, 
-991518665L, 380467904L, 2120727966L, -785412501L, 1911227885L, 
-2079288230L, -725982440L, -235190143L, 1331736115L, 1898001492L, 
1266298978L, -1071401225L, 1225443649L, -1903956026L, -1384016636L, 
-185971531L, 1745972127L, -386825224L, -698262058L, -51862429L, 
-588148699L, 208906178L, -1389478736L, 168442073L, 1625402955L, 
1879098556L, -1025688854L, -714130657L, -1273646167L, 1546794302L, 
-1704805332L, -1625752963L, 536343751L, 1326387632L, -378881074L, 
-1057232645L, 1749823325L, -1327068022L, 32520872L, 739755537L, 
342021891L, -652037628L, -726451662L, 704080519L, -1531048239L, 
-1928456106L, -1407604684L, 1704463173L, -727664241L, 1031778568L, 
-1298257114L, 1192158163L, -436382411L, 1164473490L, -208524192L, 
1862846921L, 386228475L, -407118132L, 1555796826L, -196544945L, 
573035289L, -298955474L, 1011078972L, -2083261267L, 1080641367L, 
242436768L, -805657602L, 1975718603L, -774880051L, -923531270L, 
1949326392L, -2132406815L, 711857811L, -286673740L, 1127726530L, 
-611709481L, -341126623L, 66961894L, -353281820L, 223635477L, 
-765618113L, -2107410472L, 1865710070L, -1164715517L, -1752986299L, 
-1787266718L, 1639723728L, 405679609L, -1649195733L, -1979914596L, 
-483203894L, -888336961L, -1002065655L, 22549022L, -427106356L, 
1421565341L, -1759070169L, 1067411024L, -1953434898L, -1989674085L, 
225266173L, 1650937066L, -842119288L, 1450225969L, -252112477L, 
945431972L, -279152558L, -602489945L, -12115983L, 1682410294L, 
1522661332L, 241110373L, -6520465L, -1059251288L, -1143459578L, 
